25.442690950
28.771497325
23.163606437
23.180604431
26.579613250
30.230229831
31.981406659
27.433547584
27.258030724
21.159643006
25.480879527
30.395450808
25.381514902
26.155905086
28.141587470
22.176324074
29.131966727
24.083458383
21.213676133
24.153032973
31.291445712
22.377396767
24.356719024
23.441215348
27.300841134
24.120086608
31.191593221
24.319113139
25.170877783
25.346018873
24.196730117
31.186518339
22.503134614
25.240990771
26.187456228
26.193487765
28.486229485
28.788507878
27.258488206
21.159983339
23.209646988
26.299943995
24.258516194
28.570550705
27.187468680
22.614831808
27.267197253
23.137899206
30.431981923
28.076907968
22.168601371
23.323927894
26.251705445
26.931940421
21.202108248
31.324233860
24.277290308
30.170430573
21.298117294
21.348150180
24.055710592
23.249343321
21.273888672
30.305970683
24.966798712
25.807744351
30.240168966
29.283903606
24.250078361
31.436499736
22.286309398
24.534806993
22.252905816
27.247399662
28.129958071
24.271694583
29.172201764
25.208210418
26.714741552
30.364663006
29.345589048
26.201092937
25.387015404
30.186174246
26.944644824
23.268042994
26.268685713
27.045724627
30.257279169
27.285301872
23.061042108
22.238452266
27.251530714
24.164446432
27.159361854
23.018380240
29.177411293
24.141862947
23.836264087
