30.097194501
29.211297105
29.160679729
29.024440141
29.034946090
29.154366612
29.022718899
29.114648161
29.240947733
29.069623619
29.253975252
29.162397651
29.047364037
29.163989996
29.124585057
29.172093284
29.192368987
29.141180524
29.205820054
29.092969267
29.040265141
29.089563201
29.193487785
29.193155173
29.099827837
29.040717694
30.173382544
29.081629344
29.091248884
29.207068947
29.088569951
29.038233839
29.147528117
28.994113788
29.076446931
29.248982432
29.077999228
29.116921512
29.222468839
29.098482954
29.149117954
28.999377324
29.035772586
29.207348083
29.228331851
29.350102767
29.093499762
29.179553957
29.107109806
29.150929367
29.203132844
29.072737632
29.192715327
29.099501814
29.726980840
28.079044720
29.024899911
29.051269680
29.005752833
29.231168041
29.317126844
28.054377467
30.219291870
29.190300101
29.254008848
29.147248375
29.067041941
29.106464453
29.000263619
29.183839112
28.201953983
29.109577776
29.174507924
29.054806817
29.088744162
29.059135008
29.059996183
29.079625772
29.021717517
29.103898395
29.183622343
29.110220410
29.139072977
29.094796877
29.086942617
29.003839524
29.158969753
29.100643735
28.964992607
29.116660057
29.055773505
29.121756206
29.047792008
29.085885722
29.042510273
29.298361673
29.180286940
29.024791527
29.091238127
29.131262731
